22
26
99
33
64
38
84
97
45
80
27
41
85
62
81
92
15
23
73
67
8
13
20
35
98
16
79
15
100
42
87
5
23
49
41
10
43
66
91
34
23
46
34
21
65
86
100
40
91
6
94
55
16
25
25
33
83
35
46
7
25
72
67
47
64
31
61
59
33
17
57
2
60
32
85
81
83
20
83
6
64
40
11
61
47
8
72
23
74
17
25
68
69
6
11
77
45
55
87
42
80
68
14
47
12
11
38
12
88
63
54
12
54
9
40
95
25
100
42
12
30
12
93
35
57
28
41
99
9
88
4
17
91
83
97
99
4
41
80
31
46
30
86
27
39
3
8
81
49
26
99
30
90
8
45
19
30
32
4
64
54
41
50
88
89
43
52
70
97
55
32
50
25
46
65
94
35
41
84
12
65
83
59
12
68
83
51
65
48
100
54
96
10
17
19
23
62
79
53
19
89
22
10
46
55
95
78
17
13
15
31
43
52
21
78
23
23
42
87
24
14
44
30
51
92
33
47
67
16
77
13
15
98
76
45
71
79
53
41
90
57
35
97
18
8
55
53
22
21
8
39
24
72
58
90
6
23
6
39
5
35
92
100
16
34
97
41
94
93
40
30
64
36
16
69
7
100
44
11
79
94
61
6
85
16
18
4
48
32
1
32
28
29
55
42
57
59
88
60
11
54
74
69
47
22
24
6
9
27
52
71
81
77
70
47
96
70
85
15
2
53
28
33
81
24
30
12
62
70
90
31
24
99
90
60
15
80
45
69
56
73
94
95
1
22
15
11
53
27
31
36
53
70
13
21
29
29
79
4
26
45
72
78
5
65
53
81
83
45
68
26
26
94
81
94
35
37
89
40
11
34
24
88
20
18
81
43
44
83
53
26
23
13
60
52
84
52
56
61
62
63
95
23
47
64
83
81
13
42
28
55
82
90
36
74
82
29
62
67
36
59
26
36
23
95
55
91
44
30
84
94
37
78
83
49
66
1
34
66
8
16
36
69
92
90
13
75
13
65
92
2
59
84
86
57
36
13
76
19
5
74
82
72
93
56
74
2
31
16
26
3
90
75
17
51
86
75
46
3
65
64
80
45
14
30
22
3
53
70
40
17
84
71
29
82
14
83
31
64
33
